  0%|          | 0/63 [00:00<?, ?it/s]  2%|▏         | 1/63 [00:00<00:19,  3.18it/s] 17%|█▋        | 11/63 [00:00<00:01, 33.34it/s] 35%|███▍      | 22/63 [00:00<00:00, 55.96it/s] 49%|████▉     | 31/63 [00:00<00:00, 65.51it/s] 68%|██████▊   | 43/63 [00:00<00:00, 80.23it/s] 84%|████████▍ | 53/63 [00:00<00:00, 85.74it/s]100%|██████████| 63/63 [00:00<00:00, 67.93it/s]
model: RobertaModel
mean_token_score1: -1.4067691430664855
mean_token_score2: -3.7891181096703637
delta_token_score: 2.3823489666038786
mean_sentence_score1: -19.895735023368864
mean_sentence_score2: -53.58895612248086
delta_sentence_score: 33.693221099112
